2 -2
2.33333 -1.66667
2.66667 -1.33333
3 -1
3.33333 -0.666667
3.66667 -0.333333
4 -1.68375e-07
4.33333 0.333333
4.66667 0.666666
5 0.999999
5.33333 1.33333
5.66667 1.66666
6 2
6.33333 2.33332
6.66667 2.66665
7 2.99997
7.33333 3.33329
7.66667 3.66659
8 3.99986
8.33333 4.33309
8.66667 4.66625
9 4.99927
9.33333 5.33207
9.66667 5.66446
10 5.99615
10.3333 6.32663
10.6667 6.65498
11 6.97964
11.3333 7.29784
11.6667 7.60481
12 7.89219
12.3333 8.14544
12.6667 8.33918
13 8.42922
13.3333 8.33851
13.6667 7.93278
14 6.97799
14.3333 5.06625
14.6667 1.48661
15 -5
