2 -1.935
2.33333 -1.60329
2.66667 -1.27158
3 -0.939875
3.33333 -0.608167
3.66667 -0.276458
4 0.0552498
4.33333 0.386958
4.66667 0.718666
5 1.05037
5.33333 1.38208
5.66667 1.71379
6 2.0455
6.33333 2.3772
6.66667 2.7089
7 3.0406
7.33333 3.37229
7.66667 3.70396
8 4.03561
8.33333 4.36722
8.66667 4.69875
9 5.03015
9.33333 5.36132
9.66667 5.69209
10 6.02215
10.3333 6.35101
10.6667 6.67773
11 7.00076
11.3333 7.31734
11.6667 7.62269
12 7.90844
12.3333 8.16006
12.6667 8.35218
13 8.44059
13.3333 8.34826
13.6667 7.9409
14 6.98449
14.3333 5.07112
14.6667 1.48986
15 -4.99838
