2 -1.125
2.33333 -0.813542
2.66667 -0.502083
3 -0.190625
3.33333 0.120833
3.66667 0.432292
4 0.74375
4.33333 1.05521
4.66667 1.36667
5 1.67812
5.33333 1.98958
5.66667 2.30104
6 2.6125
6.33333 2.92395
6.66667 3.2354
7 3.54685
7.33333 3.85829
7.66667 4.16971
8 4.48111
8.33333 4.79247
8.66667 5.10375
9 5.4149
9.33333 5.72582
9.66667 6.03634
10 6.34615
10.3333 6.65476
10.6667 6.96123
11 7.26401
11.3333 7.56034
11.6667 7.84544
12 8.11094
12.3333 8.34231
12.6667 8.51418
13 8.58234
13.3333 8.46976
13.6667 8.04215
14 7.06549
14.3333 5.13187
14.6667 1.53036
15 -4.97813
